1,826.89,178.11,58.048,141.58,128.36
1,243.03,149.84,58.048,141.58,105.1
1,559.87,319.91,44.559,108.68,87.954
1,221.01,359.08,44.559,108.68,50.362
2,254.47,281.18,74.826,182.5,106.12
2,327.44,281.18,74.826,182.5,87.897
2,537.7,119.49,98.31,239.78,43.608
2,342.03,244.66,74.826,182.5,26.398
2,15.407,317.02,40.814,99.547,22.807
2,393.11,237.36,74.826,182.5,22.692
2,196.48,205.4,53.236,129.84,13.539
2,274.66,2.1812,44.746,109.14,8.8174
2,372.85,210.6,53.236,129.84,5.6293
2,283.66,259.27,74.826,182.5,3.7258
3,284.11,278.4,196.34,478.88,78.083
3,514.93,469.68,105.82,258.09,37.208
3,628.12,320.73,44.737,109.11,34.759
3,535.35,370.08,75.197,183.41,26.093
3,654.31,312,44.737,109.11,22.14
3,548.24,313.41,57.937,141.31,17.937
3,208.71,464.62,63.11,153.93,17.611
3,129.14,462.7,88.797,216.58,15.472
3,256.66,90.297,97.631,238.12,9.089
3,467.5,106,41,100,8.55
3,246.49,304.52,105.82,258.09,5.4984
4,510,280,164,400,174.37
4,819.1,278.4,196.23,478.61,127.89
4,308.21,263.66,138.31,337.34,101.87
4,865.71,354.29,234.29,571.43,33.726
4,436.15,169.23,63.077,153.85,26.954
4,598.94,197.65,115.96,282.84,26.135
4,478.46,203.08,126.15,307.69,25.949
4,422.2,144,57.833,141.06,20.856
4,263.5,14,41,100,19.788
4,261.12,411.09,48.748,118.9,17.641
4,1027.2,297.03,48.748,118.9,9.1907
4,521.36,135.27,89.337,217.89,8.3068
4,287.5,18,41,100,2.9149
4,294.62,187.69,63.077,153.85,2.0316
5,535.22,260.42,137.25,334.76,114.61
5,340.62,229.18,152.12,371.03,106.62
5,278.39,222.53,106.13,258.86,74.444
5,896.44,230,41.023,100.06,28.329
5,469.54,169.93,63.385,154.6,24.171
5,287.43,56.653,89.488,218.26,18.82
5,544.07,42,41.023,100.06,15.54
5,372.97,119.1,116.28,283.6,13.221
5,462.24,97.61,68.888,168.02,8.12
5,861.87,697.14,48.811,119.05,6.9696
5,562.07,193.65,137.25,334.76,6.8956
5,800.34,234,41.023,100.06,3.4827
6,476.04,240,213.56,520.89,91.188
6,246.67,259.2,196.56,479.42,49.557
6,392.8,240,213.56,520.89,38.576
6,112.75,495.27,44.692,109,33.759
6,1036.5,460.36,44.692,109,31.613
6,884.3,406.15,68.768,167.73,30.258
6,681.12,152.73,89.564,218.45,22.776
6,1048.5,100.36,89.564,218.45,16.216
6,1050.6,306,40.981,99.954,15.212
6,439.14,114,40.981,99.954,15.093
6,247.27,164.48,68.768,167.73,13.273
6,1014.2,-4,81.962,199.91,13.174
6,294.03,201.98,48.71,118.81,11.024
6,174.65,113.59,75.04,183.02,3.6742
7,487.31,217.79,68.599,167.32,77.31
7,252.7,178.62,81.3,198.29,76.291
7,546.25,173.23,75.698,184.63,72.639
7,361.39,180.6,75.698,184.63,72.579
7,590.61,173.23,75.698,184.63,68.112
7,405.76,158.49,75.698,184.63,61.376
7,643.9,212.64,58.022,141.52,49.833
7,183.28,159.96,105.37,257,42.847
7,473.94,184.29,68.599,167.32,38.814
7,663.04,126.81,89.599,218.53,34.16
7,302.24,143.74,75.698,184.63,21.314
7,568.43,151.11,75.698,184.63,21.046
7,493.19,98.39,44.799,109.27,19.863
7,108.69,404.49,44.799,109.27,18.801
7,283.46,404.49,44.799,109.27,15.696
7,584.26,18,41.032,100.08,15.022
7,440.34,42.527,58.022,141.52,13.745
7,536.46,252.33,58.022,141.52,13.415
7,371.98,50,41.032,100.08,13.084
7,386.29,394.17,48.963,119.42,11.862
7,273.33,304.91,68.599,167.32,11.441
7,163.71,222,41.032,100.08,10.817
7,435.04,154.8,81.3,198.29,7.4822
7,157.02,260.39,48.963,119.42,-0.11516
8,519.89,184.62,253.84,619.12,78.62
8,964.7,177.9,68.768,167.73,73.787
8,905.44,152.73,89.398,218.04,48.034
8,138.06,274.81,75.043,183.03,32.58
8,965.24,120,63.073,153.84,19.18
8,739.97,460.24,57.92,141.27,13.366
9,241.75,208.06,138.14,336.94,79.249
9,25.991,265.11,68.77,167.73,55.103
9,562.58,486.59,68.77,167.73,26.601
9,354.21,153.56,40.865,99.672,22.459
9,458.15,261.75,138.14,336.94,22.366
9,4.9784,280.9,58.25,142.07,21.525
9,468.57,566.16,52.918,129.07,15.784
9,220.5,191.28,68.77,167.73,15.156
9,499.98,553.29,58.25,142.07,14.811
9,485.73,205.41,40.865,99.672,11.18
9,111.1,197.43,40.865,99.672,10.095
9,45.762,100.82,52.918,129.07,0.60641
10,724.98,337.64,126.05,307.44,94.843
10,200.2,345.72,89.708,218.8,82.279
10,397.13,338.47,81.623,199.08,60.438
10,628.03,338.47,81.623,199.08,57.979
10,430.85,408.26,69.152,168.66,31.334
10,943.49,340.78,69.152,168.66,29.088
10,274.84,125.95,48.694,118.77,19.526
10,3.8133,367.97,44.654,108.91,12.421
10,241.84,359.77,209.65,511.34,11.041
11,185.42,219.13,214.03,522.02,87.144
11,155.9,306.53,48.667,118.7,63.211
11,384.3,322.91,179.42,437.61,58.379
11,715.68,237.82,44.744,109.13,27.384
11,368.38,200,164.47,401.14,25.187
11,611.44,201.29,63.439,154.73,15.851
11,308.43,151.74,63.439,154.73,15.455
11,107.64,194,41.023,100.06,13.644
11,700.41,246,41.023,100.06,12.951
11,180.46,5.7143,116.86,285.03,2.2553
12,374.16,220.01,214.65,523.53,57.073
12,640.66,339.42,126.55,308.67,42.252
12,351.2,305.48,63.277,154.33,34.261
12,730.31,403.08,97.305,237.33,26.787
13,499.46,199.02,177.33,432.52,75.401
13,395.68,216.33,177.33,432.52,64.305
13,973.65,496.12,44.788,109.24,5.9741
14,510.84,249.28,138.2,337.06,94.57
14,622.99,371.74,75.326,183.72,48.845
14,678.87,361.55,40.957,99.894,37.244
14,446.83,276.04,75.326,183.72,11.529
14,481.7,201.33,105.54,257.41,2.7873
15,146.19,178.15,88.924,216.89,89.61
15,440.75,351.96,88.924,216.89,50.975
15,296.01,356.98,82.257,200.63,45.317
15,737.53,365,82.257,200.63,20.02
15,166.78,300.04,63.519,154.92,7.5237
16,110.38,129.65,126.95,309.63,91.158
16,244.16,290.11,62.665,152.84,46.02
16,61.003,310.03,48.537,118.38,40.806
16,148.16,369.2,44.803,109.27,28.688
16,169.15,142,116.49,284.12,12.856
16,273.63,279.27,97.073,236.76,8.1931
16,87.523,114.34,75.581,184.34,5.4994
17,573.7,266.22,115.8,282.45,99.921
17,212.85,277.54,115.8,282.45,97.07
17,314.34,277.54,115.8,282.45,87.248
17,787.95,277.54,115.8,282.45,85.254
17,494.76,254.89,115.8,282.45,84.246
17,131.32,147.06,97.107,236.85,31.545
17,279.29,317.12,106.54,259.86,30.196
17,106.5,372.78,68.799,167.8,22.544
17,419.28,182.45,149.15,363.78,21.182
17,243.5,237.69,40.977,99.945,19.894
17,169.17,147.06,97.107,236.85,18.363
17,321.19,184.71,68.799,167.8,13.837
17,632.62,181.95,106.54,259.86,10.767
17,256.82,224.65,44.711,109.05,9.673
17,35.885,246.86,75.484,184.11,9.3826
17,723.57,438.39,44.711,109.05,7.8438
17,844.48,204.86,68.799,167.8,7.1607
17,601.43,220.28,44.711,109.05,2.8016
18,171.55,167.09,136.83,333.74,66.59
18,322.3,181.22,44.741,109.12,7.1385
19,665.45,187.91,297.4,725.36,40.547
19,1072.1,448.48,53.128,129.58,21.834
19,1070.5,115.44,44.636,108.87,16.277
19,411.54,304.66,63.081,153.86,10.755
19,326.52,477,48.617,118.58,9.5634
19,191.78,433.24,89.798,219.02,5.8434
20,315.88,238.61,75.396,183.89,129.13
20,387.78,218.49,81.377,198.48,99.764
20,625.8,234.38,81.377,198.48,83.071
20,249.57,238.61,75.396,183.89,65.635
20,474.36,224.09,90.171,219.93,63.133
20,437.37,256.06,63.248,154.26,35.895
20,580.02,206.52,90.171,219.93,23.934
20,283.09,293.09,63.248,154.26,20.875
20,134.67,194.27,57.772,140.91,20.006
20,13.656,202.05,48.706,118.79,16.295
20,221.16,202.6,81.377,198.48,6.0909
21,267.06,344.35,213.35,520.36,93.679
21,131.08,200,274.29,669,29.714
21,347.35,240,257.94,629.12,11.907
22,306.38,215.15,126.14,307.65,118.23
22,203.22,317.49,40.94,99.853,25.112
22,107.88,256.5,53.037,129.36,17.716
22,164.64,293.91,44.59,108.76,15.782
22,87.382,285.54,40.94,99.853,7.9515
22,175.26,89.857,40.94,99.853,6.9233
22,563.13,315.88,48.616,118.57,3.4542
23,174.43,155.63,138.81,338.56,126.26
23,282.81,155.63,138.81,338.56,100.82
23,719.55,157.01,97.315,237.35,94.695
23,397.11,147.49,97.315,237.35,93.081
23,484.94,118.7,105.96,258.45,90.891
23,784.96,129.03,105.96,258.45,88.947
23,598.74,129.03,105.96,258.45,76.151
23,548.85,147.49,97.315,237.35,69.62
23,997.59,245.8,75.24,183.51,61.904
23,904.09,297.36,48.792,119.01,59.96
23,640.13,139.35,105.96,258.45,52.679
23,854.27,236.83,63.053,153.79,46.912
23,925.13,326.54,41.07,100.17,35.884
23,776.74,284.76,57.764,140.89,34.716
23,868.16,154.43,44.545,108.65,32.196
23,894.22,250.13,44.545,108.65,24.645
23,877.53,205.6,53.293,129.98,19.19
23,946.34,311.02,44.545,108.65,19.042
23,468.32,158.26,41.07,100.17,18.481
23,66.903,273.27,53.293,129.98,14.184
23,407.5,83.654,68.607,167.34,11.824
23,31.555,306.5,41.07,100.17,9.0476
23,889.81,145.11,48.792,119.01,7.1063
23,528.82,213.15,89.086,217.28,3.8778
24,278.71,268.71,82.048,200.12,82.666
24,190.8,268.71,82.048,200.12,82.388
24,103.53,372.26,48.553,118.42,44.492
24,131.37,165.56,40.929,99.828,24.711
24,384.76,467.71,58.105,141.72,14.455
25,802.83,369.69,116.31,283.68,94.958
25,884.62,276.69,126.11,307.58,81.318
25,327.08,301.44,116.31,283.68,67.841
25,749.23,350.47,126.11,307.58,22.455
25,310.53,488.93,40.888,99.726,19.055
26,224.54,175.94,116.02,282.98,44.804
26,703.28,181.97,138.64,338.14,21.636
26,880.72,181.72,40.898,99.75,7.7107
27,582.18,260.87,214.01,521.97,123.42
27,416.67,340.36,178.89,436.32,107.81
27,748.26,270.55,178.89,436.32,75.849
27,125.41,552,163.56,398.94,54.535
27,72.218,583.38,151.64,369.86,39.498
27,95.441,168,44.723,109.08,29.036
27,71.388,222,40.963,99.91,25.878
27,243.12,198,40.963,99.91,23.888
27,792.24,-4,82.075,200.18,23.6
27,540.41,365.22,214.01,521.97,22.954
27,303.02,162,40.963,99.91,22.888
27,673.19,297.6,197.41,481.49,20.976
27,356.69,121.95,53.129,129.58,20.813
27,143.28,230,40.963,99.91,20.521
27,303.64,705.74,48.72,118.83,18.997
27,377.41,127.14,53.129,129.58,17.013
27,252.97,556.24,57.825,141.04,14.471
27,378.91,466,40.963,99.91,13.337
27,260.67,83.916,68.763,167.71,9.405
27,501.7,256.86,53.129,129.58,5.2279
27,426.83,194,40.963,99.91,4.3902
27,382.9,366,40.963,99.91,4.214
27,343.21,589.92,75.077,183.12,3.4271
28,760.7,214.65,230.78,562.87,119.77
28,80,237.25,211.55,515.99,107.9
28,513.55,175.36,211.55,515.99,64.7
28,39.5,606.64,41.018,100.04,55.123
28,687.69,228.01,126.23,307.88,50.773
28,32.566,321.98,115.97,282.86,37.848
28,199.5,34.036,41.018,100.04,32.321
28,704.48,351.13,195.27,476.26,20.687
28,269.32,362.85,81.598,199.02,14.932
28,177.96,32.649,44.623,108.84,14.925
28,935.28,411.93,106.76,260.4,13.457
28,122.67,83.037,48.611,118.56,1.2494
29,422.58,435.09,48.737,118.87,73.55
29,472.5,196.76,211.96,516.97,63.977
29,1128.6,39.196,89.16,217.46,52.999
29,361.53,290.06,97.689,238.27,39.982
29,246.58,253.71,105.98,258.49,34.787
29,536.69,116.5,48.737,118.87,33.833
29,683.52,6.1316,125.52,306.14,32.376
29,744.68,42.921,125.52,306.14,31.084
29,320.43,370.19,89.16,217.46,30.69
29,1024,198.16,44.668,108.95,29.517
29,591.98,240.28,148.79,362.9,28.375
29,482.57,47.701,75.144,183.28,20.448
29,824.43,335.35,89.16,217.46,17.192
29,627.28,150.25,44.668,108.95,13.924
29,647.5,150,41,100,11.276
29,804.53,119.34,116.41,283.94,9.7328
29,23.934,274.66,63.29,154.37,9.196
29,1087,14.265,97.689,238.27,6.3666
29,270.5,121.44,57.907,141.24,6.2479
29,660.11,83.325,63.29,154.37,4.9966
30,316.52,201.92,125.4,305.85,97.557
30,943.26,280.03,69.138,168.63,44.227
30,557.38,372.97,40.862,99.663,16.227
30,589.26,376.96,40.862,99.663,8.4781
30,413.84,83.308,63.358,154.53,7.6507
30,605.2,372.97,40.862,99.663,3.2037
31,280.28,218.02,193.68,472.38,91.353
32,364.83,187.18,81.567,198.94,142.51
32,227.62,195.19,75.538,184.24,130.05
32,293.97,195.19,75.538,184.24,122.69
32,941.36,214.31,41.073,100.18,10.114
33,630.9,232.14,96.877,236.28,90.779
34,291.25,300.13,150.15,366.22,66.22
34,773.67,347.14,57.902,141.23,15.494
34,501.31,507.72,44.704,109.03,11.001
35,307.54,248.51,137.76,336,70.906
35,396.57,228.69,151.24,368.88,55.525
35,48.616,360.62,63.239,154.24,45.826
35,112.38,416.04,57.982,141.42,43.12
35,166.18,354.42,81.612,199.05,38.955
35,6.9655,354.42,81.612,199.05,25.03
35,95.658,442,41.039,100.1,22.864
35,229.86,370.35,81.612,199.05,15.289
35,279.48,415.05,89.742,218.88,11.117
36,669.74,326.23,48.764,118.94,71.228
36,263.01,316.48,62.922,153.47,35.737
36,84.981,188.12,48.764,118.94,31.24
36,718.02,306.98,44.635,108.87,21.038
36,232.34,322.62,62.922,153.47,9.7072
37,306.02,227.49,126.07,307.49,88.028
37,404.44,252.09,126.07,307.49,82.68
37,757.89,237.46,139.06,339.17,60.995
37,183,227.49,126.07,307.49,46.79
37,915.75,292.05,63.039,153.75,37.553
37,583.87,275.45,115.31,281.25,36.212
37,256.81,239.79,126.07,307.49,19.699
37,989.77,232.06,69.02,168.34,18.944
38,924.79,486.15,126.4,308.29,89.753
38,781.31,439.44,138.47,337.74,68.317
38,208.42,203.08,126.4,308.29,67.973
38,602.37,376,163.46,398.67,64.81
38,223.1,375.27,178.2,434.63,54.467
38,361.73,357.82,178.2,434.63,50.31
38,866.52,547.76,115.64,282.05,21.219
39,539.96,154.39,126.32,308.1,88.941
39,287.51,201.88,105.88,258.23,85.626
39,180.98,176,116.67,284.56,83.758
39,777.81,176,97.428,237.63,81.842
39,682.81,166.49,97.428,237.63,80.866
39,246.25,201.88,105.88,258.23,35.56
39,95.527,94.012,44.784,109.23,33.562
39,492.81,137.95,97.428,237.63,32.635
39,112.81,52.324,97.428,237.63,27.856
39,79.579,267.67,75.069,183.09,20.967
39,427.11,214,40.977,99.943,16.197
39,160.31,52.324,97.428,237.63,15.246
39,475.06,354,40.977,99.943,14.74
39,1002.6,62,40.977,99.943,12.511
39,616.71,172,82.14,200.34,11.983
39,730.84,297,75.069,183.09,10.589
39,694.42,298.36,68.603,167.32,3.4593
39,1026.6,170,40.977,99.943,2.3172
40,331.55,153.64,136.75,333.53,65.46
40,256.21,187.19,75.275,183.6,39.907
40,208.26,195.63,97.682,238.25,23.5
40,221.66,337.09,63.36,154.54,15.687
40,421.64,465.21,81.643,199.13,5.7422
41,252.75,95.366,52.939,129.12,117.61
41,243.05,157.14,40.866,99.673,13.834
42,364.78,432,89.361,217.95,61.525
42,554.92,189.09,299.91,731.48,55.25
42,1035.5,599.35,53.14,129.61,38.496
42,460.28,278.4,197.25,481.11,30.648
42,401.03,438.71,105.77,257.97,26.139
42,44.524,652.24,57.922,141.27,25.13
42,265.02,629.65,57.922,141.27,23.79
42,-0.70673,448.94,57.922,141.27,21.634
42,21.312,656.73,44.773,109.2,21.288
42,1107.4,245.65,57.922,141.27,20.706
42,882.55,538.91,44.773,109.2,19.814
42,979.5,670,41,100,18.268
42,794.72,227.69,125.83,306.91,16.993
42,864.33,652.24,57.922,141.27,15.398
42,351.63,308.76,53.14,129.61,14.583
42,327.22,307.76,57.922,141.27,13.422
42,191.04,303.57,53.14,129.61,12.748
42,434.52,313.95,53.14,129.61,11.419
42,255.5,722,41,100,11.238
42,895.6,661.62,53.14,129.61,11.161
42,1058.2,575.38,63.095,153.89,10.54
42,102.96,319.14,53.14,129.61,9.9986
42,824.75,528,57.922,141.27,8.4579
42,166.04,715.25,48.761,118.93,4.7257
42,3.8253,678.55,44.773,109.2,1.3459
43,797.22,80.432,53.145,129.62,82.942
43,398.46,316.8,196.19,478.52,49.111
43,49.756,120,272.61,664.91,43.033
43,837.47,124.8,196.19,478.52,31.845
43,314.5,125.71,233.23,568.86,31.72
43,501.02,59.294,57.83,141.05,29.114
43,537.52,160,106.02,258.59,27.858
43,962.74,565.54,97.638,238.14,24.521
43,-0.5,442,41,100,18.082
43,27.5,486,41,100,12.794
43,715.5,178,41,100,8.11
43,146.69,78.416,48.706,118.79,5.6973
44,690.57,120,273.45,666.94,67.422
44,1120.2,267.69,63.105,153.92,51.154
44,-0.83869,298.74,68.79,167.78,31.522
44,1065,262.59,57.833,141.06,31.333
44,51.861,37.091,44.748,109.14,28.612
44,485.79,144.62,63.105,153.92,24.555
44,401.86,113.59,75.086,183.14,23.831
44,1092.8,245.03,68.79,167.78,23.599
44,616.82,336,89.317,217.85,22.307
44,195.66,274,41.019,100.05,21.656
44,216.48,257.45,89.317,217.85,20.305
44,727.61,708,82.038,200.09,20.066
44,1119.7,349.31,48.682,118.74,17.074
44,70.612,30.891,48.682,118.74,16.51
44,368.77,138.46,63.105,153.92,16.353
44,240.7,151.05,68.79,167.78,15.495
44,126.64,258.46,68.79,167.78,13.525
44,207.32,703.14,53.245,129.87,12.859
44,1008.3,106,41.019,100.05,11.347
44,1056.3,591.27,44.748,109.14,10.775
44,1084.4,374,41.019,100.05,8.5622
44,614.23,194.2,75.086,183.14,8.0781
44,306.66,120.92,75.086,183.14,0.92164
45,449.25,217.22,178.03,434.23,141.08
45,365.39,262.01,163.31,398.32,101.39
45,318.63,216.06,44.783,109.23,46.58
45,747.11,355.74,44.783,109.23,34.268
45,733.92,268.39,57.919,141.27,29.864
45,56.156,302.69,52.976,129.21,21.549
45,488.32,158.17,41.058,100.14,19.125
45,278.2,199.21,52.976,129.21,11.772
45,582.86,183.68,52.976,129.21,10.563
45,476.3,174.19,41.058,100.14,6.569
45,903.44,149.73,57.919,141.27,3.078
45,336.06,178.19,41.058,100.14,3.07
46,43.802,252.86,115.57,281.87,139.58
46,202.06,264.1,115.57,281.87,134.14
46,839.92,264.41,44.836,109.36,36.434
46,135.65,314,41.025,100.06,34.413
46,408.99,171.53,74.934,182.77,22.468
46,110.09,224.71,63.115,153.94,21.104
46,293.91,268.47,48.695,118.77,19.992
46,83.594,166,41.025,100.06,18.456
46,516.08,218,41.025,100.06,16.059
46,584.3,341.69,63.115,153.94,12.153
46,802.16,254.21,48.695,118.77,11.66
46,202.06,162.95,115.57,281.87,8.3081
46,533.21,115.35,81.645,199.13,2.5273
47,817.91,411.33,115.25,281.1,121.64
47,914.88,391.89,75.091,183.15,114.21
47,606.63,377.6,127.08,309.94,107.02
47,504.61,361.17,89.294,217.79,98.405
47,243.04,239.33,89.294,217.79,32.824
47,487.72,463.43,44.648,108.9,17.242
47,885.58,384.56,75.091,183.15,16.887
47,553.11,102.26,44.648,108.9,6.0382
48,921.54,447.91,126.01,307.33,107.91
48,736.92,423.36,126.01,307.33,102.86
48,429.47,382.52,137.9,336.34,82.356
48,847.69,447.91,126.01,307.33,77.187
48,347.27,385.82,149.14,363.77,61.469
48,143.5,417.51,40.981,99.953,58.257
48,171.5,417.51,40.981,99.953,49.472
48,223.5,449.48,40.981,99.953,31.01
48,1199.5,425.5,40.981,99.953,29.114
48,1051,311.17,89.858,219.17,25.341
48,1127.5,429.5,40.981,99.953,24.661
48,650.77,288.38,126.01,307.33,18.896
48,411.5,697.19,40.981,99.953,17.807
48,798.46,423.36,126.01,307.33,17.248
48,1144.5,416.42,44.653,108.91,16.949
48,543.67,412.06,44.653,108.91,16.128
48,884.62,484.72,126.01,307.33,15.959
48,316.46,454.93,58.002,141.47,5.8178
48,1175.5,433.5,40.981,99.953,4.08
49,205.27,281.74,213.43,520.55,47.12
49,142.55,428,81.853,199.64,13.396
49,796.86,377.45,44.691,109,11.997
50,366.54,184.03,96.684,235.81,73.748
50,293.22,131.13,81.489,198.75,16.841
50,534.69,139.62,63.733,155.45,14.464
51,210.98,150.24,74.995,182.91,144.4
51,61.928,162.28,107.72,262.73,34.779
51,27.186,270.75,97.123,236.89,34.171
52,182.53,195.31,81.757,199.41,114.5
52,158.95,218.4,63.005,153.67,35.853
52,546.09,348.77,40.879,99.704,20.689
52,47.378,352.75,40.879,99.704,4.1875
53,140.65,72,210.4,513.17,63.118
53,128.12,489.23,63.008,153.68,29.072
54,85.06,93.284,147.6,360,99.63
54,280.34,126.72,41.19,100.46,26.023
54,192.31,142.71,68.122,166.15,4.4926
55,286.45,40,164.16,400.39,108.45
56,134.58,61.667,115.57,281.88,86.125
56,106.46,185,40.686,99.233,33.592
56,68.904,176.29,44.55,108.66,25.957
56,355.37,176.29,44.55,108.66,7.1503
57,162.98,66.529,105.1,256.33,111.45
57,39.783,56.294,105.1,256.33,107.32
57,19.416,158,40.899,99.753,41.795
57,389.81,30,40.899,99.753,22.114
57,391.72,154.43,44.638,108.87,15.559
58,169.28,85.263,194.75,475,56.617
58,346.83,274,40.967,99.919,30.944
58,260.01,463.33,68.426,166.89,16.128
58,147.84,272.73,44.729,109.1,10.422
59,573.7,112.33,178.12,434.45,35.882
59,703.81,423.57,63.363,154.54,19.794
59,544.22,365.08,82.21,200.51,16.124
59,822.09,521.05,53.083,129.47,15.121
59,143.32,28.083,82.21,200.51,7.6984
60,460.08,120,163.66,399.18,72.236
61,269.7,62.069,254.31,620.26,64.52
62,170.7,145.95,198.43,483.98,55.189
62,79.673,487.85,68.882,168.01,15.992
62,139.74,566,41.031,100.08,2.822
63,343,316,82,200,40.373
63,194.09,152.54,125.19,305.34,37.335
63,174.66,306.17,69.072,168.47,29.374
63,174.04,399.51,89.884,219.23,28.567
63,370.46,251.05,97.376,237.5,12.656
64,197.44,86.897,255.7,623.67,68.621
64,408.59,275.51,75.133,183.25,29.57
65,567.03,103.91,194.17,473.58,89.211
66,489.38,78.75,229.94,560.84,83.136
66,209.42,543.27,44.784,109.23,33.244
66,504.79,563.08,63.139,154,31.644
66,130.8,532.65,75.149,183.29,29.825
66,57.627,532.65,75.149,183.29,28.512
66,94.216,532.65,75.149,183.29,27.043
66,225.11,403.37,89.05,217.19,26.641
66,316.85,353.33,136.34,332.53,22.044
66,555.23,525.31,75.149,183.29,12.981
66,181.61,394.7,89.05,217.19,12.145
67,243.08,36.611,251.43,613.25,56.98
68,406.77,78.75,232.11,566.13,168.02
68,204.09,255.1,48.827,119.09,24.195
68,649.07,120,44.706,109.04,22.68
68,845.26,98.182,44.706,109.04,20.866
68,538.16,5.625,115.26,281.12,10.217
68,131.64,326,41.025,100.06,4.0318
69,224.73,78.882,179.2,437.08,111.68
69,40.865,126.97,53.163,129.67,8.9112
69,711.68,4.7302,97.254,237.2,7.4491
70,294.55,60.958,178.77,436.02,98.774
70,200.67,156.75,82.574,201.4,4.6806
71,477.6,85.773,196.23,478.62,85.224
71,43.091,242.43,44.745,109.13,11.243
71,140.77,21.583,63.128,153.97,7.3146
72,162.4,113.14,211.16,515.02,145.05
72,735.59,3.6735,75.41,183.93,16.289
72,811.5,94,41,100,10.402
72,502.9,36.85,58.049,141.58,5.3252
72,827.25,408,44.688,109,3.1156
73,288.9,78.75,230.27,561.62,94.799
73,210.1,201.95,180.75,440.85,36.715
73,245.48,289.76,180.75,440.85,33.926
73,503.48,219.38,115.13,280.81,25.124
73,242.28,-2.5899,53.029,129.34,24.506
73,632.5,117.93,127.35,310.61,19.389
73,510.99,386.02,88.942,216.93,19.167
73,495.5,194,41,100,18.653
73,215.5,54,41,100,16.636
73,199.5,54,41,100,14.945
73,63,500,82,200,12.834
74,678.55,96.105,178.99,436.55,56.696
74,498.59,169.39,138.71,338.33,42.291
74,330.77,166,126.11,307.58,36.926
74,143.45,382.24,44.747,109.14,16.512
74,593.24,155.84,138.71,338.33,11.721
75,430,78.75,232.08,566.04,90.249
75,39.054,72,212.16,517.46,73.096
76,69.844,56.257,104.44,254.73,99.821
76,283.18,46.029,104.44,254.73,84.44
76,152.97,120.55,75.01,182.95,53.019
76,42.682,114.19,63.47,154.8,13.077
76,166.85,27.776,63.47,154.8,4.7701
77,114.55,109.09,149.09,363.64,127.1
77,34.364,150.2,44.668,108.95,23.108
77,13.663,139.85,48.643,118.64,3.0852
78,152.14,129.73,176.63,430.8,83.687
78,401.94,317.42,52.903,129.03,18.259
78,314.19,312.26,52.903,129.03,15.937
78,94,168,164,400,14.744
78,35.385,116.92,126.15,307.69,4.4015
79,122.61,72.258,212.57,518.47,80.584
79,276.34,23.579,69.155,168.67,26.697
79,26.197,90.947,69.155,168.67,15.772
79,200.65,23.226,52.903,129.03,14.322
79,326.82,53.805,57.981,141.42,12.753
79,91.091,245.99,44.668,108.95,6.6367
80,174,168,164,400,108.7
80,43.5,238,41,100,49.277
81,158.33,153.33,136.67,333.33,127.43
81,61.412,116.11,57.981,141.42,32.99
81,17.692,107.69,63.077,153.85,17.46
81,431.5,110,41,100,12.086
81,228.26,131.15,107.29,261.69,7.5953
81,311.5,154,41,100,6.8987
82,207.39,204.59,107.29,261.69,91.242
82,175.25,120.89,48.643,118.64,7.9649
83,195.38,215.38,126.15,307.69,106.51
84,152.14,129.73,176.63,430.8,148.1
84,34.364,111.02,44.668,108.95,123.21
84,279,92,82,200,44.785
84,100.94,36.814,57.981,141.42,42.978
84,175.5,54,41,100,32.471
84,50.769,33.103,75.524,184.2,19.229
84,134.62,27.692,63.077,153.85,18.683
84,332.08,135.11,48.643,118.64,16.075
84,354,42.985,98.115,239.31,13.035
85,199,196,82,200,131.44
85,260,50.909,149.09,363.64,12.079
85,3.5,170,41,100,9.039
85,235.77,232.42,69.155,168.67,7.9901
86,134.29,57.143,234.29,571.43,64.157
87,111.43,57.143,234.29,571.43,100.98
88,60,92.903,212.57,518.47,117.21
89,88.571,57.143,234.29,571.43,63.047
90,111.43,57.143,234.29,571.43,116.07
91,122.61,113.55,212.57,518.47,89.316
91,322.57,201.48,48.643,118.64,15.511
92,88.571,57.143,234.29,571.43,148.86
92,374.18,74.521,89.691,218.76,19.437
92,271,100,82,200,6.4742
92,375,188,82,200,2.0637
93,189.6,87.273,197.95,482.8,89.155
94,227.14,222.86,117.14,285.71,121.71
94,-0.64516,162.58,52.903,129.03,19.592
94,199.5,162,41,100,13.864
94,171.5,174,41,100,2.8459
94,231.61,430.97,52.903,129.03,0.31791
95,198.33,206.67,136.67,333.33,138.06
95,225,126.67,136.67,333.33,41.384
96,198.46,224.37,75.524,184.2,110.27
96,31.5,174,41,100,31.56
96,183.69,172.87,75.524,184.2,29.989
96,213.23,172.87,75.524,184.2,17.42
96,106.59,133.1,57.981,141.42,6.7371
97,172.73,138.18,149.09,363.64,101.02
97,155.22,68.197,107.29,261.69,18.491
98,278.33,100,136.67,333.33,123.92
98,524.63,50.704,69.155,168.67,31.827
98,559,180,82,200,21.934
98,386.94,85.091,44.668,108.95,12.816
98,469.38,53.647,57.981,141.42,9.8799
98,3.5,2,41,100,7.8997
99,261.43,142.86,117.14,285.71,101.6
99,271.48,46.957,107.29,261.69,25.089
99,503.85,101.54,63.077,153.85,17.919
99,106.9,93.176,57.981,141.42,16.438
99,399,36,82,200,12.332
100,295.71,131.43,117.14,285.71,76.769
101,251.67,140,136.67,333.33,64.516
101,219.5,98,41,100,34.907
101,411.85,125.94,48.643,118.64,25.329
101,107.5,166,41,100,18.706
101,243.5,106,41,100,11.299
101,392.89,130.69,48.643,118.64,4.0038
101,275.5,94,41,100,3.7858
102,289.09,65.455,149.09,363.64,105.05
102,203.5,18,41,100,36.527
102,463,180,82,200,28.49
102,228.06,168,98.115,239.31,27.447
102,71,220,82,200,24.373
102,418.41,211.76,57.981,141.42,19.947
102,75.5,26,41,100,14.953
102,509.03,206.12,57.981,141.42,13.899
102,208,287.52,48.643,118.64,12.49
102,578.5,198.55,44.668,108.95,8.806
102,11.5,18,41,100,6.9286
102,55.5,22,41,100,3.5143
103,302.95,120,107.29,261.69,109.71
103,254.16,228.71,57.981,141.42,59.838
103,275.37,212.96,69.155,168.67,36.619
103,407,36,82,200,20.362
103,90.884,141.82,44.668,108.95,16.516
103,122.31,132.31,63.077,153.85,9.915
103,55.5,150,41,100,7.3825
103,565.52,48,75.524,184.2,4.8031
103,263.85,261.54,63.077,153.85,3.7961
104,281.54,129.23,126.15,307.69,85.651
104,123.23,23.226,52.903,129.03,10.978
105,397.38,161.74,107.29,261.69,95.825
105,340.74,301.78,48.643,118.64,26.624
105,361.77,273.88,57.981,141.42,21.529
105,286.8,294.55,44.668,108.95,15.061
105,275.5,334,41,100,13.351
105,379.5,358,41,100,6.0507
106,314.03,168,98.115,239.31,120.51
106,506.67,83.168,48.643,118.64,47.607
106,155.5,222,41,100,30.529
106,368.46,150.77,63.077,153.85,21.537
106,474.19,85.161,52.903,129.03,10.814
107,238.33,126.67,136.67,333.33,112.24
108,238.33,113.33,136.67,333.33,90.959
108,103.88,187.2,98.115,239.31,15.908
108,440.46,210.46,75.524,184.2,13.795
108,411.03,210.46,75.524,184.2,5.4123
109,208.52,151.3,107.29,261.69,117.09
109,350.32,49.032,52.903,129.03,26.085
109,42.993,63.273,44.668,108.95,22.175
109,247.16,81.6,98.115,239.31,11.696
110,198.33,73.333,136.67,333.33,111.16
110,50.575,40.615,75.524,184.2,13.938
110,147.14,5.7143,117.14,285.71,4.2456
111,305.75,196.36,89.691,218.76,54.645
111,365.17,312,44.668,108.95,27.992
111,256.72,168,98.115,239.31,17.564
111,236.44,159.21,48.643,118.64,7.4128
112,261.89,185.92,69.155,168.67,115.41
112,69.041,56.727,89.691,218.76,38.448
113,251.67,126.67,136.67,333.33,79.064
113,55,164,82,200,6.9119
113,225,6.6667,136.67,333.33,4.331
114,203.57,112.43,176.63,430.8,51.089
114,121.54,190.77,126.15,307.69,46.303
114,128.39,141.94,52.903,129.03,34.531
114,357.27,263.4,44.668,108.95,27.292
114,47.5,162,41,100,20.348
115,201.82,181.82,149.09,363.64,159.17
115,123.6,138.51,98.115,239.31,43.688
115,7,148,82,200,20.922
115,303.38,165.05,69.155,168.67,18.805
115,347.5,166,41,100,10.969
115,79,148,82,200,9.6359
115,54.615,200,63.077,153.85,3.4489
116,158,152,164,400,116.85
116,346.15,143.45,75.524,184.2,107.94
116,309.23,143.45,75.524,184.2,74.114
116,391.27,158.32,69.155,168.67,49.366
116,263,124,82,200,43.978
116,59.5,198,41,100,20.009
116,112.24,172.74,57.981,141.42,7.0799
116,187.5,14,41,100,2.3295
117,185,153.33,136.67,333.33,128.05
117,131.67,140,136.67,333.33,52.066
117,66.761,50.526,69.155,168.67,27.095
117,357.46,70.737,69.155,168.67,11.878
117,60,116.92,126.15,307.69,6.2875
117,8.4,42.985,98.115,239.31,4.1259
118,201.82,167.27,149.09,363.64,114.93
118,315.53,178.41,57.981,141.42,38.483
118,188.45,90.947,69.155,168.67,27.793
118,23.5,154,41,100,21.918
118,63.5,166,41,100,15.189
118,327.5,262,41,100,3.6118
119,190,120,164,400,158.91
119,117.86,95.135,176.63,430.8,72.56
119,383,172,82,200,16.341
119,215.5,14,41,100,1.0671
120,94,120,164,400,132.01
120,254,136,164,400,112.91
120,41.818,167.27,149.09,363.64,22.653
121,151.2,106.67,197.95,482.8,66.851
121,106.59,365.31,57.981,141.42,3.1116
122,132,87.273,197.95,482.8,115.19
122,337.18,131.37,69.155,168.67,89.8
122,295,100,82,200,24.648
122,42.308,310.77,63.077,153.85,24.55
122,360.92,114.02,75.524,184.2,22.299
122,303.87,358.71,52.903,129.03,17.602
123,186.43,95.135,176.63,430.8,103.53
123,356.73,39.452,89.691,218.76,98.134
123,334.84,121.29,52.903,129.03,57.024
123,59.5,14,41,100,14.107
123,159.5,226,41,100,10.03
124,114.55,152.73,149.09,363.64,130.2
124,272.14,95.135,176.63,430.8,93.587
124,27.273,152.73,149.09,363.64,71.818
124,92.609,309.51,107.29,261.69,10.689
124,383.29,36.814,57.981,141.42,4.408
124,8.9109,173.04,48.643,118.64,1.5119
125,169.29,112.43,176.63,430.8,116.12
125,131.5,126,41,100,34.128
125,51.818,241.63,44.668,108.95,27.737
125,398.03,111.16,69.155,168.67,19.494
125,151.76,87.788,57.981,141.42,18.999
125,146.92,150.77,63.077,153.85,12.672
125,265.54,68.741,48.643,118.64,11.681
125,137.23,229.93,48.643,118.64,8.0461
125,23.168,239.41,48.643,118.64,2.6904
126,315.6,224.48,98.115,239.31,116.34
126,144.78,215.08,107.29,261.69,105.66
126,134.35,288.52,107.29,261.69,21.704
126,290.87,141.64,107.29,261.69,1.2808
127,145,180,136.67,333.33,108.05
127,269.23,203.08,126.15,307.69,79.822
127,217.09,153.42,89.691,218.76,54.741
127,249.3,97.684,69.155,168.67,27.909
127,39.5,118,41,100,27.482
127,55.5,118,41,100,1.6286
128,94,104,164,400,116.73
128,206,104,164,400,116.39
128,412.87,30.815,48.643,118.64,23.575
129,46,184,164,400,114.44
129,208.8,106.67,197.95,482.8,103.25
129,185.16,332.9,52.903,129.03,37.605
129,171.54,83.077,63.077,153.85,12.111
130,110,104,164,400,91.033
130,238,120,164,400,65.978
130,16.8,87.273,197.95,482.8,64.646
130,174,136,164,400,5.412
131,176.31,209.66,75.524,184.2,128.89
131,127.61,218.95,69.155,168.67,104.5
131,151.76,195.4,57.981,141.42,18.938
131,160.99,286.81,48.643,118.64,17.778
131,198.46,231.72,75.524,184.2,10.568
132,238.7,173.11,107.29,261.69,130.04
132,147.14,177.14,117.14,285.71,106.73
132,303.38,165.05,69.155,168.67,35.526
132,127.72,258.37,48.643,118.64,14.106
132,392.18,298.23,44.668,108.95,4.3451
133,200.4,224.48,98.115,239.31,131.93
133,66.452,162.58,52.903,129.03,24.951
133,215,132,82,200,12.874
133,171.5,154,41,100,12.118
133,12.676,131.37,69.155,168.67,6.4519
134,330.77,80,126.15,307.69,133.83
134,238.57,120,117.14,285.71,80.578
134,281.54,80,126.15,307.69,51.415
134,143.5,82,41,100,46.71
134,117.01,58.909,44.668,108.95,20.793
134,78.584,81.882,57.981,141.42,17.188
134,28.506,77.538,75.524,184.2,14.223
134,106.95,138.59,69.155,168.67,11.502
134,218.08,257.45,89.691,218.76,5.846
134,535.5,34,41,100,5.2521
134,380,80,126.15,307.69,4.8411
135,448.46,175.38,63.077,153.85,130.26
135,197.52,189.18,57.981,141.42,109.99
135,380.77,181.54,63.077,153.85,108.27
135,231.5,183.53,57.981,141.42,104.47
135,103.7,216.24,48.643,118.64,102.95
135,288.46,181.54,63.077,153.85,86.738
135,171.5,198,41,100,83.593
135,254.16,183.53,57.981,141.42,53.926
135,135.5,198,41,100,48.573
135,81.935,203.87,52.903,129.03,34.942
135,127.5,230,41,100,25.705
135,59.5,210,41,100,20.953
135,524.63,138.59,69.155,168.67,17.311
135,491.43,224.73,44.668,108.95,14.402
135,583.5,138,41,100,12.239
135,-0.59259,16.634,48.643,118.64,6.6956
135,435.5,242,41,100,5.9378
135,163.5,226,41,100,4.0259
135,80,163.96,48.643,118.64,3.678
136,478.37,93.818,44.668,108.95,134.76
136,211.67,113.33,136.67,333.33,102.44
136,302,56,164,400,101.69
136,83.5,102,41,100,59.656
136,71.5,86,41,100,38.381
136,559.5,90,41,100,23.373
136,523.5,54,41,100,22.868
136,127.5,74,41,100,21.895
136,452.24,72,44.668,108.95,19.77
136,135.5,94,41,100,17.043
136,251.67,153.33,136.67,333.33,15.829
136,177.96,93.818,44.668,108.95,8.3384
136,-0.76923,101.54,63.077,153.85,4.2554
136,543.5,90,41,100,2.6303
136,140.77,9.2308,63.077,153.85,1.403
137,304.48,148.8,98.115,239.31,131.36
137,166.56,151.3,107.29,261.69,117.94
137,237.61,158.4,98.115,239.31,111.76
137,177.05,36.522,107.29,261.69,31.334
137,207,268,82,200,7.5548
137,349.59,170.18,89.691,218.76,5.1972
137,468.74,40.396,48.643,118.64,2.9762
138,219.02,130.43,107.29,261.69,72.047
138,322.76,136.62,75.524,184.2,68.037
138,203.5,142,41,100,53.575
138,187.5,142,41,100,45.111
138,271.48,213.91,107.29,261.69,17.484
138,275.5,30,41,100,15.22
138,337.47,173.54,75.524,184.2,14.18
138,490.95,104.79,69.155,168.67,9.5915
138,305.13,127.06,57.981,141.42,7.2105
139,200.55,91.636,89.691,218.76,140.26
139,135,100,82,200,104.46
139,303,100,82,200,101.61
139,358.36,82.909,89.691,218.76,92.015
139,103,68,82,200,74.706
139,278.62,55.385,75.524,184.2,62.177
139,165.48,91.636,89.691,218.76,49.764
139,239,108,82,200,27.75
139,417.42,116.13,52.903,129.03,8.9423
140,330,74.286,117.14,285.71,108.73
140,183.08,67.692,126.15,307.69,94.893
140,465,33.333,136.67,333.33,92.877
140,135.71,62.857,117.14,285.71,54.352
140,143.5,18,41,100,32.02
140,231.5,342,41,100,22.809
140,465,153.33,136.67,333.33,22.658
140,59.5,54,41,100,10.749
140,364.29,40,117.14,285.71,2.2554
141,259.82,177.88,57.981,141.42,104.07
141,202.31,187.69,63.077,153.85,87.634
141,300.69,158.77,75.524,184.2,83.507
141,448.46,163.08,63.077,153.85,74.365
141,369.68,179.15,69.155,168.67,59.249
141,177.96,181.09,44.668,108.95,56.501
141,239.5,178,41,100,46.326
141,514.02,158.77,75.524,184.2,39.065
141,165.33,358.81,48.643,118.64,37.397
141,147.5,378,41,100,29.563
141,60.769,144.62,63.077,153.85,25.937
141,122.67,349.31,48.643,118.64,12.457
141,327.5,278,41,100,12.429
141,479.23,163.08,63.077,153.85,10.39
141,417.69,243.08,63.077,153.85,6.0273
141,345.48,159.21,48.643,118.64,4.8154
142,269.23,104.62,126.15,307.69,91.726
142,426.07,130.69,48.643,118.64,41.503
142,362.31,101.54,63.077,153.85,35.032
142,520.65,126.45,52.903,129.03,11.418
143,237.61,148.8,98.115,239.31,99.968
143,325.38,169.23,63.077,153.85,18.326
144,247,180,82,200,125.87
144,332.05,170.18,89.691,218.76,115.01
144,315.5,186,41,100,60.964
144,386.92,107.69,63.077,153.85,47.906
144,459.26,111.68,48.643,118.64,16.472
144,380.77,169.23,63.077,153.85,10.18
145,214.62,187.69,63.077,153.85,116.55
145,263.85,175.38,63.077,153.85,113.31
145,350.32,224.52,52.903,129.03,97.694
145,416.84,192.68,69.155,168.67,96.051
145,458.05,223.06,57.981,141.42,77.444
145,-0.5,194,41,100,74.389
145,446.73,251.29,57.981,141.42,19.269
146,256.92,116.92,126.15,307.69,108.63
146,330,131.43,117.14,285.71,84.231
146,155.85,59.406,48.643,118.64,25.67
146,295.71,177.14,117.14,285.71,5.8872
147,341.43,131.43,117.14,285.71,114.89
147,122.99,120,98.115,239.31,73.194
147,305.75,144,89.691,218.76,63.394
147,244.38,144,89.691,218.76,56.916
147,428.85,120,107.29,261.69,51.276
148,393.42,170.18,89.691,218.76,122.7
148,263.5,202,41,100,112.8
148,179.56,178.22,48.643,118.64,107.79
148,217.48,173.47,48.643,118.64,103.4
148,330.11,173.54,75.524,184.2,100.02
148,477.24,180.92,75.524,184.2,97
148,366.9,166.15,75.524,184.2,42.227
148,498.63,30.545,89.691,218.76,26.05
148,241.19,178.22,48.643,118.64,22.88
148,164.9,137.45,44.668,108.95,8.8925
148,309.05,206.2,69.155,168.67,6.8756
148,352.18,203.08,75.524,184.2,-0.18508
149,435.5,194,41,100,130.55
149,170,142.86,117.14,285.71,128.79
149,323.29,161.45,89.691,218.76,117.32
149,563.56,159.21,48.643,118.64,74.392
149,391.29,181.09,44.668,108.95,51.033
149,300.77,144.62,63.077,153.85,33.824
149,47.347,290.18,44.668,108.95,24.997
149,135.22,160.94,57.981,141.42,24.328
149,419.5,194,41,100,23.057
149,528.46,113.85,63.077,153.85,19.643
149,482.72,159.27,44.668,108.95,18.241
149,501.93,149.7,48.643,118.64,17.282
149,87.097,327.74,52.903,129.03,13.383
149,582.52,159.21,48.643,118.64,13.107
149,35.484,332.9,52.903,129.03,13.036
149,255,92,82,200,11.797
149,582.86,220.36,44.668,108.95,9.4589
149,92.258,250.32,52.903,129.03,8.9916
150,342.74,185.92,69.155,168.67,125.9
150,393.08,187.69,63.077,153.85,107.02
150,255.16,192.68,69.155,168.67,99.286
150,306.92,206.15,63.077,153.85,78.837
150,376.13,178.06,52.903,129.03,27.035
150,504.49,307.64,44.668,108.95,26.364
150,565.44,368.73,44.668,108.95,22.131
150,463.72,183.53,57.981,141.42,18.971
150,418.39,173.54,75.524,184.2,17.583
150,270,138.46,63.077,153.85,15.401
150,7.5,206,41,100,15.245
150,128.39,116.13,52.903,129.03,5.2197
151,172.73,80,149.09,363.64,122.09
151,318.46,104.62,126.15,307.69,112.82
151,303.5,222,41,100,40.669
151,-0.5,110,41,100,37.481
151,513.2,150.55,44.668,108.95,27.985
151,463.5,98,41,100,21.462
151,435.5,86,41,100,20.093
151,443.5,66,41,100,17.632
151,575.5,158,41,100,9.8782
151,530.97,152.26,52.903,129.03,6.187
151,459.5,66,41,100,2.9254
152,515.5,198,41,100,115.48
152,595.92,198.55,44.668,108.95,111.88
152,417.69,193.85,63.077,153.85,99.139
152,356.15,206.15,63.077,153.85,95.99
152,480.71,211.76,57.981,141.42,93.621
152,559.5,198,41,100,82.254
152,288.84,192.68,69.155,168.67,75.84
152,241.68,192.68,69.155,168.67,69.276
152,325.38,200,63.077,153.85,67.287
152,214.51,211.76,57.981,141.42,63.024
152,180.53,200.47,57.981,141.42,61.703
152,442.31,193.85,63.077,153.85,58.345
152,107.74,209.03,52.903,129.03,55.975
152,66.452,219.35,52.903,129.03,53.543
152,152.21,200.47,57.981,141.42,53.206
152,133.55,203.87,52.903,129.03,27.508
152,47.347,102.55,44.668,108.95,25.861
152,395.75,194.82,57.981,141.42,21.14
152,351,28,82,200,9.1698
152,460.77,243.08,63.077,153.85,1.1716
153,318.33,73.333,136.67,333.33,138.43
153,84.776,72,98.115,239.31,120.12
153,499.31,92.308,75.524,184.2,115.94
153,443.54,102.55,44.668,108.95,103.81
153,282.45,102.55,44.668,108.95,51.089
153,434.83,76.364,44.668,108.95,41.169
153,237.61,158.4,98.115,239.31,37.778
153,559,140,82,200,37.454
153,479.5,94,41,100,35.385
153,170.07,111.68,48.643,118.64,28.404
153,431.5,166,41,100,23.013
153,479.5,54,41,100,15.809
153,587.21,290.18,44.668,108.95,13.182
153,139.5,6,41,100,11.62
153,449.78,49.901,48.643,118.64,5.176
154,295.71,177.14,117.14,285.71,94.285
154,495.52,187.2,98.115,239.31,27.37
154,583.5,178,41,100,23.263
154,135.22,177.88,57.981,141.42,5.3243
154,395.5,322,41,100,2.8215
155,400,168,98.115,239.31,105.62
155,288.22,161.45,89.691,218.76,89.387
155,183.85,163.08,63.077,153.85,74.801
155,151.84,185.45,44.668,108.95,55.62
155,251.97,194.18,44.668,108.95,40.071
155,383.16,280.56,69.155,168.67,33.939
155,485.97,187.2,98.115,239.31,32.572
155,191.5,254,41,100,24.992
155,263.85,212.31,63.077,153.85,24.946
155,60.769,132.31,63.077,153.85,21.679
155,382.59,233.45,44.668,108.95,17.318
155,23.846,126.15,63.077,153.85,14.754
155,579.5,170,41,100,14.629
155,216.13,147.1,52.903,129.03,14.107
155,278.1,307.64,44.668,108.95,13.514
155,305.75,213.82,89.691,218.76,12.842
155,571.54,292.31,63.077,153.85,10.763
155,-0.70796,206.12,57.981,141.42,8.2194
155,457.26,260.28,69.155,168.67,7.7843
155,65.287,254.77,75.524,184.2,7.7079
155,531.37,158.87,69.155,168.67,6.8792
156,247.16,158.4,98.115,239.31,111.82
156,323.93,140.87,107.29,261.69,104.82
156,191.5,126,41,100,28.065
156,475.5,142,41,100,11.601
157,287,164,82,200,41.062
157,80,294.08,69.155,168.67,14.801
158,318.33,126.67,136.67,333.33,73.413
158,198.03,130.43,107.29,261.69,70.364
158,499.5,230,41,100,61.197
158,30.323,152.26,52.903,129.03,55.026
158,4.9558,132.71,57.981,141.42,11.368
158,479.35,64.516,52.903,129.03,4.4761
159,228.06,206.4,98.115,239.31,112.65
159,431,188,82,200,102.77
159,358.36,187.64,89.691,218.76,91.729
159,153.56,195.69,75.524,184.2,87.807
159,43.218,203.08,75.524,184.2,82.277
159,115.5,218,41,100,38.624
159,563.56,201.98,48.643,118.64,27.42
159,208.96,158.4,98.115,239.31,24.322
159,282.48,183.53,57.981,141.42,22.194
159,495.78,185.45,44.668,108.95,11.693
159,511.5,218,41,100,1.9911
160,201.82,109.09,149.09,363.64,102.41
160,313.44,130.43,107.29,261.69,73.466
160,516.15,135.45,48.643,118.64,37.084
160,16.283,121.41,57.981,141.42,28.352
160,128.39,343.23,52.903,129.03,21.107
160,548.03,176.73,44.668,108.95,4.0011
161,366,56,164,400,106.61
161,158.46,80,126.15,307.69,75.316
161,314.19,152.26,52.903,129.03,56.316
161,321.63,102.55,44.668,108.95,42.523
161,168.28,269.54,75.524,184.2,36.833
161,333.45,138.35,57.981,141.42,34.153
161,-1.6667,140,136.67,333.33,12.222
161,298.07,92.673,48.643,118.64,10.014
161,343.85,193.85,63.077,153.85,7.5707
161,466.15,166.15,126.15,307.69,3.623
162,146.21,136.62,75.524,184.2,171.64
162,244.62,129.23,126.15,307.69,117.2
162,111.5,142,41,100,97.966
162,404.62,141.54,126.15,307.69,94.004
162,220.77,138.46,63.077,153.85,45.436
162,11.5,114,41,100,33.411
162,40.645,100.65,52.903,129.03,28.978
162,587.5,114,41,100,20.854
162,551.61,85.161,52.903,129.03,19.135
162,336,138.59,69.155,168.67,17.569
162,199.73,133.09,44.668,108.95,6.7943
162,539.5,142,41,100,6.0385
162,515.48,85.161,52.903,129.03,2.1222
163,140.88,183.53,57.981,141.42,111.32
163,295.71,120,117.14,285.71,108.99
163,527,164,82,200,108.33
163,201.26,158.87,69.155,168.67,96.836
163,433.1,158.77,75.524,184.2,90.574
163,463,164,82,200,83.014
163,98.963,211.49,48.643,118.64,71.966
163,503,140,82,200,42.418
163,369.68,145.35,69.155,168.67,37.241
163,247.16,168,98.115,239.31,32.899
163,37.333,240,48.643,118.64,31.529
163,405.38,132.31,63.077,153.85,28.263
163,238.91,98.182,44.668,108.95,23.072
163,45.806,198.71,52.903,129.03,18.628
163,-0.64516,224.52,52.903,129.03,18.4
163,167,116,82,200,16.019
163,61.037,254.26,48.643,118.64,13.957
163,511.16,240,69.155,168.67,12.066
164,260,94.545,149.09,363.64,99.578
164,170.81,25.714,176.63,430.8,75.389
164,392.31,153.85,126.15,307.69,28.144
164,318.18,80,149.09,363.64,15.324
165,304.48,148.8,98.115,239.31,142.45
165,237.61,148.8,98.115,239.31,125.33
165,379.5,146,41,100,32.599
165,90.884,111.27,44.668,108.95,15.213
165,119.5,122,41,100,12.343
165,217.14,141.82,44.668,108.95,3.609
166,256.92,116.92,126.15,307.69,137.57
166,376.39,172.17,107.29,261.69,135.03
166,425.75,144,75.524,184.2,32.382
166,112.88,4.3636,89.691,218.76,21.273
166,512.79,36.522,107.29,261.69,2.9297
167,266.27,177.6,98.115,239.31,111.31
167,447.76,168,98.115,239.31,97.089
167,400,168,98.115,239.31,79.513
167,218.51,187.2,98.115,239.31,77.038
167,478.37,342.55,44.668,108.95,14.976
167,177.69,46.154,63.077,153.85,11.072
168,109.23,104.62,126.15,307.69,109.78
168,206,56,164,400,80.46
168,331.67,73.333,136.67,333.33,65.393
168,158.46,92.308,126.15,307.69,20.426
168,460.77,298.46,63.077,153.85,15.328
168,491.5,382,41,100,9.9089
169,318.18,65.455,149.09,363.64,120.55
169,201.82,65.455,149.09,363.64,88.838
169,462.53,92.308,75.524,184.2,80.488
169,83.5,126,41,100,20.603
169,443.23,90.323,52.903,129.03,19.876
169,16.283,166.59,57.981,141.42,16.96
170,393.42,161.45,89.691,218.76,116.22
170,208.96,139.2,98.115,239.31,109.07
170,448.39,255.48,52.903,129.03,43.616
170,469.89,40.615,75.524,184.2,32.43
170,402.19,30.545,89.691,218.76,18.484
170,272.9,260.65,52.903,129.03,18.345
170,267.5,318,41,100,13.194
171,158.33,126.67,136.67,333.33,103.47
171,265,126.67,136.67,333.33,103.22
171,342.69,158.4,98.115,239.31,87.341
171,4.5161,188.39,52.903,129.03,61.907
171,47.692,116.92,126.15,307.69,46.541
171,211.67,126.67,136.67,333.33,43.454
171,127.16,267.04,69.155,168.67,18.563
171,87.5,378,41,100,15.076
172,380.9,168,98.115,239.31,100.68
172,489.86,178.91,89.691,218.76,99.239
172,303,196,82,200,96.759
172,51.667,60,136.67,333.33,80.121
173,274.59,42.857,176.63,430.8,119.61
173,420,50.909,149.09,363.64,114.65
173,46,72,164,400,99.169
173,158,72,164,400,75.645
173,463.64,94.545,149.09,363.64,26.158
174,256.72,158.4,98.115,239.31,130.97
174,492.04,155.29,57.981,141.42,129.35
174,458.71,167.74,52.903,129.03,100.11
174,330.11,151.38,75.524,184.2,94.382
174,439.5,150,41,100,65.956
174,516.15,138.46,63.077,153.85,32.302
174,236.44,168.71,48.643,118.64,12.455
174,573.04,135.45,48.643,118.64,6.781
174,397.63,130.69,48.643,118.64,4.8987
175,250,131.43,117.14,285.71,103.81
175,91.5,138,41,100,69.909
175,471.5,86,41,100,43.47
175,227.14,74.286,117.14,285.71,31.386
176,293.85,129.23,126.15,307.69,145.21
176,495.5,190,41,100,45.837
176,167.5,134,41,100,43.031
176,138.78,141.82,44.668,108.95,40.233
176,455.5,130,41,100,37.35
176,270,280,63.077,153.85,28.299
176,506.67,125.94,48.643,118.64,25.428
176,259.5,150,41,100,24.315
176,103.5,118,41,100,20.101
176,459.5,214,41,100,14.615
176,440.3,87.921,48.643,118.64,6.1655
177,106.9,121.41,57.981,141.42,123.38
177,165.38,107.69,63.077,153.85,112.06
177,250,108.57,117.14,285.71,97.316
177,333.45,104.47,57.981,141.42,48.419
177,345.16,59.355,52.903,129.03,20.435
177,197.52,115.76,57.981,141.42,20.28
177,418.41,87.529,57.981,141.42,6.9338
178,232.31,153.85,126.15,307.69,108.65
178,132.54,148.8,98.115,239.31,100.54
178,355.38,116.92,126.15,307.69,100.21
178,104.11,117.82,89.691,218.76,84.679
178,199.73,141.82,44.668,108.95,62.217
178,468.74,163.96,48.643,118.64,55.166
179,147.14,142.86,117.14,285.71,117.8
179,240,140.87,107.29,261.69,103.47
179,419.5,162,41,100,62.943
179,129.56,132.71,57.981,141.42,39.895
179,449.78,135.45,48.643,118.64,31.23
179,592,163.96,48.643,118.64,13.608
179,300.69,136.62,75.524,184.2,2.6788
180,166.56,130.43,107.29,261.69,92.322
180,463.64,94.545,149.09,363.64,89.053
180,345.16,209.03,52.903,129.03,9.1382
180,107.5,206,41,100,2.16
181,479.35,198.71,52.903,129.03,113.09
181,327,196,82,200,82.955
181,520.89,187.72,48.643,118.64,70.39
181,459.5,218,41,100,23.793
181,373.1,240,57.981,141.42,22.96
181,507.5,234,41,100,21.738
181,3.5,242,41,100,17.318
181,66.452,203.87,52.903,129.03,11.673
181,322.76,269.54,75.524,184.2,11.569
181,307.5,310,41,100,3.3568
182,266.27,216,98.115,239.31,96.369
182,302.95,193.04,107.29,261.69,73.162
182,160.54,259.64,44.668,108.95,21.894
182,43.5,210,41,100,19.827
182,47.5,250,41,100,15.099
182,376.13,229.68,52.903,129.03,7.6633
183,189.85,158.4,98.115,239.31,128.51
183,314.52,152.73,89.691,218.76,106.78
183,179.5,138,41,100,49.883
183,32.593,64.158,48.643,118.64,19.943
183,350.44,279.53,57.981,141.42,14.106
184,208.52,109.57,107.29,261.69,136.33
184,300.69,121.85,75.524,184.2,50.457
184,319.5,294,41,100,33.758
184,363.5,330,41,100,24.215
184,356.46,102.55,44.668,108.95,20.362
184,11.5,66,41,100,12.714
184,303.5,254,41,100,7.3796
185,131.67,73.333,136.67,333.33,128.48
185,256.92,104.62,126.15,307.69,100.83
185,19.368,91.268,69.155,168.67,38.707
185,103.5,74,41,100,11.075
185,327,84,82,200,2.8187
186,227.14,108.57,117.14,285.71,103.04
186,135.08,109.57,107.29,261.69,74.477
186,387.5,118,41,100,6.2177
187,270.68,152.73,89.691,218.76,153.07
187,174.84,147.1,52.903,129.03,147.13
187,221.5,163.64,44.668,108.95,132.58
187,208.44,150.55,44.668,108.95,51.958
187,123.23,136.77,52.903,129.03,23.672
187,244.38,178.91,89.691,218.76,17.434
188,285.37,129.6,98.115,239.31,115.71
188,352.86,97.143,117.14,285.71,93.78
188,115.5,126,41,100,69.247
188,163.5,90,41,100,33.708
188,195.48,69.677,52.903,129.03,32.25
188,71.5,126,41,100,30.03
188,255.41,116.44,48.643,118.64,27.285
188,37.333,140.2,48.643,118.64,13.689
188,446.73,194.82,57.981,141.42,9.802
188,331.54,292.31,63.077,153.85,9.4592
188,467.14,85.714,117.14,285.71,7.9951
189,174.25,144,89.691,218.76,151.44
189,134.62,163.08,63.077,153.85,113.9
189,294.93,168,98.115,239.31,99.846
189,65.287,136.62,75.524,184.2,95.432
189,255,148,82,200,92.96
189,11.5,306,41,100,11.016
190,238.57,108.57,117.14,285.71,136.26
190,423,164,82,200,117.44
190,217.48,130.69,48.643,118.64,48.657
190,322.12,132.71,57.981,141.42,31.568
190,479.5,262,41,100,29.073
190,396.32,188.31,75.524,184.2,22.004
190,352.11,120,44.668,108.95,14.076
190,503.85,70.769,63.077,153.85,11.841
190,429.73,279.53,57.981,141.42,5.2157
190,471.5,286,41,100,-0.25131
191,260,94.545,149.09,363.64,96.338
191,110,72,164,400,67.741
191,465,113.33,136.67,333.33,51.856
191,56.364,109.09,149.09,363.64,30.603
191,226.85,257.45,89.691,218.76,21.036
191,393.08,138.46,63.077,153.85,9.5396
192,111.43,34.286,234.29,571.43,152.3
192,54.615,353.85,63.077,153.85,62.199
192,202.86,57.143,234.29,571.43,48.209
192,51.683,310.52,48.643,118.64,30.457
192,417.42,270.97,52.903,129.03,20.643
192,55.765,416.28,57.981,141.42,14.298
193,198.33,73.333,136.67,333.33,125.72
193,84.741,54.653,48.643,118.64,52.087
193,103.7,59.406,48.643,118.64,42.165
193,123.23,54.194,52.903,129.03,22.449
193,171.54,95.385,63.077,153.85,21.557
193,288.22,100.36,89.691,218.76,19.6
193,118.06,90.323,52.903,129.03,4.7648
194,318.18,65.455,149.09,363.64,148.52
194,187.27,65.455,149.09,363.64,126.26
194,5.3846,70.769,63.077,153.85,112.14
194,533.7,65.455,89.691,218.76,34.252
194,432.9,229.68,52.903,129.03,28.417
194,453.85,43.077,126.15,307.69,21.033
194,123.5,110,41,100,14.129
195,318.46,80,126.15,307.69,103.02
195,543.5,98,41,100,99.441
195,367.69,80,126.15,307.69,28.743
195,285.37,158.4,98.115,239.31,28.345
195,531.5,86,41,100,19.75
195,470.74,23.662,69.155,168.67,5.6926
196,231,116,82,200,113.65
196,300.69,144,75.524,184.2,89.11
196,511.16,307.61,69.155,168.67,73.705
196,43.5,114,41,100,27.405
196,538.11,294.08,69.155,168.67,26.365
196,10.619,110.12,57.981,141.42,9.2016
196,37.333,325.54,48.643,118.64,7.8486
197,473.48,116.44,48.643,118.64,127.4
197,244.62,129.23,126.15,307.69,117.87
197,439.5,126,41,100,115.85
197,55.5,162,41,100,37.573
197,18.37,54.653,48.643,118.64,35.998
197,67.5,126,41,100,35.683
197,582.86,137.45,44.668,108.95,30.864
197,492.04,64.941,57.981,141.42,27.565
197,331.5,90,41,100,24.905
197,23.846,280,63.077,153.85,24.723
197,99.592,124.36,44.668,108.95,12.735
197,375.5,74,41,100,4.3441
197,482.96,149.7,48.643,118.64,3.4287
198,183.08,166.15,126.15,307.69,122.56
198,560,121.41,57.981,141.42,78.204
198,279.11,320.79,48.643,118.64,45.557
198,587.26,358.81,48.643,118.64,42.517
198,87.5,2,41,100,36.679
198,261.92,170.18,89.691,218.76,33.238
198,112.88,152.73,89.691,218.76,32.344
198,450.53,314.37,69.155,168.67,31.516
198,327.5,234,41,100,27.416
198,40.656,130.43,107.29,261.69,24.205
198,343.5,222,41,100,23.576
198,365.17,233.45,44.668,108.95,18.968
198,577.69,3.0769,63.077,153.85,14.033
198,548.03,76.364,44.668,108.95,12.161
198,355.48,28.387,52.903,129.03,10.519
199,250,131.43,117.14,285.71,118.01
199,156.07,151.3,107.29,261.69,96.987
199,47.5,206,41,100,36.207
199,302,8,164,400,24.389
199,-0.64516,100.65,52.903,129.03,18.269
199,225.84,279.53,57.981,141.42,16.288
199,447.5,122,41,100,14.247
199,123.89,217.41,57.981,141.42,10.19
199,21.947,138.35,57.981,141.42,8.7906
199,59.5,218,41,100,7.9649
199,79.5,218,41,100,3.0173
200,288.22,126.55,89.691,218.76,104.63
200,434.55,94.545,149.09,363.64,94.684
200,73.263,118.31,69.155,168.67,79.709
200,261.89,131.83,69.155,168.67,73.127
200,117.01,150.55,44.668,108.95,45.935
200,345.16,209.03,52.903,129.03,24.061
200,47.5,118,41,100,19.059
200,95.575,177.88,57.981,141.42,11.509
200,61.593,172.24,57.981,141.42,10.297
200,492.73,123.64,149.09,363.64,1.0511
201,291.67,60,136.67,333.33,79.086
201,386.92,255.38,63.077,153.85,46.245
201,458.71,203.87,52.903,129.03,37.667
201,245.93,282.77,48.643,118.64,35.086
201,573.04,220.99,48.643,118.64,32.024
201,208.44,207.27,44.668,108.95,26.045
201,481.1,109.09,89.691,218.76,22.668
201,16.283,183.53,57.981,141.42,19.458
201,403.37,165.63,69.155,168.67,19.204
201,459.5,282,41,100,19.161
201,230.2,137.45,44.668,108.95,18.849
201,259.82,296.47,57.981,141.42,13.978
201,516.15,254.26,48.643,118.64,12.578
201,47.692,30.769,126.15,307.69,9.2284
201,443.54,229.09,44.668,108.95,7.9853
201,208.85,290.82,57.981,141.42,7.7327
201,552.38,211.64,44.668,108.95,3.4019
202,291.67,46.667,136.67,333.33,136.64
202,256.92,166.15,126.15,307.69,13.439
202,547.5,98,41,100,7.3981
202,591.5,102,41,100,5.4518
203,281.54,67.692,126.15,307.69,116.93
203,369.52,320.73,44.668,108.95,20.779
203,265.03,242.18,44.668,108.95,18.358
203,212.74,240,48.643,118.64,16.876
204,170.81,42.857,176.63,430.8,128.25
204,347.76,307.64,44.668,108.95,27.16
204,383.5,90,41,100,26.417
204,449.78,106.93,48.643,118.64,20.073
204,360.65,343.23,52.903,129.03,18.274
205,207.69,43.077,126.15,307.69,78.703
205,256.92,55.385,126.15,307.69,27.878
205,329.68,312.26,52.903,129.03,25.18
205,167.5,254,41,100,14.934
205,378.67,68.911,48.643,118.64,9.2529
206,265,60,136.67,333.33,118.3
206,318.46,92.308,126.15,307.69,23.169
206,235.5,282,41,100,12.565
207,187.27,50.909,149.09,363.64,92.789
207,134.42,159.27,44.668,108.95,27.577
207,140.63,253.52,69.155,168.67,20.706
207,467.5,86,41,100,12.096
207,379.5,86,41,100,6.9083
208,291.67,46.667,136.67,333.33,99.117
208,237.17,200.47,57.981,141.42,21.441
208,231.61,250.32,52.903,129.03,20.637
208,31.5,46,41,100,12.657
208,261.89,212.96,69.155,168.67,9.3989
208,15.5,58,41,100,4.4042
208,573.04,49.901,48.643,118.64,3.139
209,291.89,25.714,176.63,430.8,119.83
209,244.62,166.15,126.15,307.69,29.054
209,487.5,286,41,100,26.709
209,111.5,78,41,100,24.287
209,203.5,78,41,100,23.049
209,479.5,154,41,100,14.374
209,156.19,80.727,44.668,108.95,14.103
209,430.32,246.76,69.155,168.67,13.809
209,183.5,90,41,100,5.8362
210,260,65.455,149.09,363.64,65.628
211,245.45,36.364,149.09,363.64,79.844
211,350,292.31,63.077,153.85,34.153
211,55.5,102,41,100,13.384
211,182.31,298.91,44.668,108.95,12.963
211,343,76,82,200,8.2631
212,222.7,8.5714,176.63,430.8,77.412
212,208,307.61,69.155,168.67,38.347
212,401.94,296.77,52.903,129.03,31.187
212,386.45,265.81,52.903,129.03,26.125
212,38.639,106.91,44.668,108.95,20.401
212,60.408,106.91,44.668,108.95,16.869
212,179.56,344.55,48.643,118.64,14.813
212,107.5,110,41,100,14.304
212,3.8095,106.91,44.668,108.95,10.3
212,391.29,176.73,44.668,108.95,2.6002
213,201.82,50.909,149.09,363.64,124.94
213,574.15,368.73,44.668,108.95,37.54
213,285.37,196.8,98.115,239.31,35.368
213,327.5,138,41,100,34.562
213,67.5,106,41,100,18.412
213,19.5,106,41,100,15.434
213,548.03,373.09,44.668,108.95,9.8982
214,225,60,136.67,333.33,110.71
214,362.31,132.31,63.077,153.85,29.614
214,567.5,378,41,100,25.653
214,595.92,373.09,44.668,108.95,17.32
214,208.85,268.24,57.981,141.42,14.68
215,306.15,43.077,126.15,307.69,110.47
215,257.42,270.97,52.903,129.03,39.191
215,567.5,382,41,100,37.255
215,184.3,268.51,48.643,118.64,26.595
215,371.5,314,41,100,13.439
215,278.06,90.323,52.903,129.03,10.644
215,34.286,85.091,44.668,108.95,6.1979
215,583.5,382,41,100,5.4191
215,288.59,135.45,48.643,118.64,5.2922
215,404.35,93.818,44.668,108.95,4.1254
216,225,46.667,136.67,333.33,112.81
216,299.47,296.47,57.981,141.42,43.637
216,171.54,230.77,63.077,153.85,32.116
216,276.81,290.82,57.981,141.42,11.646
217,158.18,36.364,149.09,363.64,117.5
217,154.11,287.32,69.155,168.67,33.181
217,314.19,240,52.903,129.03,28.555
217,34.286,111.27,44.668,108.95,13.504
218,251.67,60,136.67,333.33,98.939
218,322.12,302.12,57.981,141.42,55.246
218,210.97,250.32,52.903,129.03,43.679
218,229.51,182.61,107.29,261.69,21.377
218,47.347,115.64,44.668,108.95,18.688
218,95.5,122,41,100,10.352
218,551.5,102,41,100,8.7765
218,75.5,118,41,100,0.45282
219,222,24,164,400,95.847
219,374.62,261.54,63.077,153.85,48.512
219,567.5,98,41,100,18.867
219,591.5,98,41,100,16.734
220,289.09,50.909,149.09,363.64,53.646
220,242.83,262.59,57.981,141.42,44.947
220,252.26,224.52,52.903,129.03,25.432
220,418.41,319.06,57.981,141.42,12.817
220,25.578,115.64,44.668,108.95,11.989
220,51.701,111.27,44.668,108.95,10.139
220,373.1,324.71,57.981,141.42,7.3883
221,245.45,50.909,149.09,363.64,112.11
221,344.83,240,75.524,184.2,83.142
221,599.5,378,41,100,42.572
221,388.97,240,75.524,184.2,15.539
221,571.5,114,41,100,5.7237
222,254,40,164,400,89.136
222,225.84,110.12,57.981,141.42,22.055
222,34.286,120,44.668,108.95,17.067
222,169.25,290.18,44.668,108.95,12.288
222,12.517,115.64,44.668,108.95,6.2907
223,232.31,43.077,126.15,307.69,84.878
223,276.81,319.06,57.981,141.42,62.75
223,427.74,260.65,52.903,129.03,53.076
223,389.89,246.76,69.155,168.67,25.453
223,369.52,294.55,44.668,108.95,15.649
223,326.52,330.3,48.643,118.64,15.405
223,79.5,90,41,100,8.5367
223,352.11,294.55,44.668,108.95,7.4754
223,42.993,98.182,44.668,108.95,1.5351
224,195.38,30.769,126.15,307.69,100.39
224,270,273.85,63.077,153.85,50.697
224,263,172,82,200,31.989
224,39.5,42,41,100,17.445
224,79.5,38,41,100,11.531
225,230.91,36.364,149.09,363.64,115.57
225,314.03,196.8,98.115,239.31,43.733
225,215.71,188.57,117.14,285.71,35.619
226,238.33,46.667,136.67,333.33,74.664
226,221.5,242.18,44.668,108.95,17.276
226,291.5,318,41,100,9.6472
226,39.5,90,41,100,8.9291
227,274.55,50.909,149.09,363.64,94.5
227,171.54,323.08,63.077,153.85,31.905
227,527,100,82,200,20.974
227,186.67,111.27,44.668,108.95,20.777
227,167.5,254,41,100,9.4886
227,454.79,257.45,89.691,218.76,6.0526
227,407.11,11.881,48.643,118.64,2.9157
228,220,55.385,126.15,307.69,82.299
228,323.5,126,41,100,23.515
228,287.5,310,41,100,15.378
228,491.5,58,41,100,12.597
229,251.67,60,136.67,333.33,78.627
229,289.09,109.09,149.09,363.64,60.77
229,571.5,26,41,100,14.77
229,177.69,236.92,63.077,153.85,13.884
229,431.5,58,41,100,6.6115
230,361.82,50.909,149.09,363.64,102.73
230,201.26,131.83,69.155,168.67,34.496
230,174.32,131.83,69.155,168.67,31.206
230,228.21,131.83,69.155,168.67,27.725
230,270,8,164,400,24.012
230,138.85,107.08,75.524,184.2,21.868
230,106.95,118.31,69.155,168.67,21.415
230,80,111.55,69.155,168.67,11.925
231,190,40,164,400,77.05
231,369.68,111.55,69.155,168.67,33.677
231,419.73,48,89.691,218.76,23.612
231,140.77,126.15,63.077,153.85,17.121
231,484.21,104.79,69.155,168.67,16.675
231,520.65,136.77,52.903,129.03,12.507
231,260,50.909,149.09,363.64,12.474
231,155.5,86,41,100,10.057
232,293.85,43.077,126.15,307.69,99.308
232,139.18,30.545,89.691,218.76,62.769
232,438.06,224.52,52.903,129.03,49.779
232,587.5,178,41,100,38.521
232,247.1,224.52,52.903,129.03,31.108
232,269.63,225.74,48.643,118.64,21.543
232,437.05,300.85,69.155,168.67,15.832
232,591.5,146,41,100,6.5979
232,396.77,80,52.903,129.03,0.31898
233,364.29,28.571,117.14,285.71,87.755
233,391.5,254,41,100,26.096
234,270,56,164,400,100.33
234,433.1,77.538,75.524,184.2,39.321
234,237.17,336,57.981,141.42,15.546
234,458.05,160.94,57.981,141.42,11.479
234,523.5,122,41,100,5.7241
235,366,56,164,400,118.38
235,250.67,320.79,48.643,118.64,18.967
235,504.42,246.76,69.155,168.67,17.699
235,220.18,336,57.981,141.42,11.39
236,270,56,164,400,107.1
236,191.86,285.18,57.981,141.42,42.686
236,450.53,260.28,69.155,168.67,13.792
237,303.64,50.909,149.09,363.64,105.69
237,268.63,185.92,69.155,168.67,22.171
237,288.39,343.23,52.903,129.03,9.4884
238,206,40,164,400,96.549
238,567.1,23.226,52.903,129.03,23.174
238,170.07,178.22,48.643,118.64,18.807
238,340.74,306.53,48.643,118.64,8.3517
238,187.5,270,41,100,0.071538
239,257.3,42.857,176.63,430.8,93.979
239,186.67,159.27,44.668,108.95,42.89
239,207.5,342,41,100,23.527
239,171.5,178,41,100,13.454
239,170.07,330.3,48.643,118.64,6.9674
240,270,56,164,400,76.452
240,239.5,178,41,100,15.199
240,475.5,82,41,100,14.756
240,431.5,298,41,100,8.8226
241,257.3,25.714,176.63,430.8,83.193
242,323.93,36.522,107.29,261.69,80.489
242,241.94,276.13,52.903,129.03,29.963
242,256.72,120,98.115,239.31,14.394
242,369.19,225.74,48.643,118.64,3.1559
243,303.64,65.455,149.09,363.64,72.723
243,267.5,134,41,100,29.242
243,234.95,300.85,69.155,168.67,16.887
244,211.67,46.667,136.67,333.33,118.45
244,146.55,64.941,57.981,141.42,42.072
244,203.19,279.53,57.981,141.42,26.813
245,118.33,60,136.67,333.33,79.768
245,327.5,202,41,100,16.049
245,257.69,33.846,63.077,153.85,13.158
245,183.01,248.73,89.691,218.76,3.3298
246,257.3,42.857,176.63,430.8,23.918
246,565.44,120,44.668,108.95,4.0183
247,240,25.714,176.63,430.8,62.774
247,548.67,166.59,57.981,141.42,10.794
248,256.92,30.769,126.15,307.69,77.806
248,158.33,60,136.67,333.33,19.028
248,69.116,159.27,44.668,108.95,15.332
249,230.91,50.909,149.09,363.64,78.041
249,171.67,60,136.67,333.33,16.852
249,365.81,214.19,52.903,129.03,16.127
249,108.3,259.64,44.668,108.95,11.097
250,172.73,50.909,149.09,363.64,65.643
250,319.35,265.81,52.903,129.03,24.576
250,340,317.42,52.903,129.03,23.464
250,135,268,82,200,6.7311
250,367.43,307.76,57.981,141.42,4.7728
251,185,33.333,136.67,333.33,91.382
251,367.43,296.47,57.981,141.42,29.389
251,309.03,245.16,52.903,129.03,19.411
251,327.79,290.82,57.981,141.42,11.028
251,23,100,82,200,4.4907
252,288.48,-9.6,197.95,482.8,56.974
252,428.49,257.45,89.691,218.76,17.13
252,157.88,313.41,57.981,141.42,16.954
253,225.84,251.29,57.981,141.42,15.914
253,356.11,273.88,57.981,141.42,6.9745
254,119.5,22,41,100,32.757
254,206,8,164,400,30.298
254,390.09,336,57.981,141.42,27.557
254,411.03,299.08,75.524,184.2,19.673
254,47.5,2,41,100,16.563
254,99.592,15.273,44.668,108.95,11.125
254,21.224,24,44.668,108.95,6.445
254,82.177,15.273,44.668,108.95,3.4732
254,339.12,319.06,57.981,141.42,3.0753
254,80,92.308,75.524,184.2,2.9447
255,315.79,23.662,69.155,168.67,69.844
255,282.11,30.423,69.155,168.67,12.59
255,234.48,240,75.524,184.2,10.891
256,305.13,53.647,57.981,141.42,35.703
256,265.49,59.294,57.981,141.42,24.768
256,279,180,82,200,23.479
256,334.69,202.91,44.668,108.95,19.658
257,230.91,36.364,149.09,363.64,81.763
257,292.46,203.48,107.29,261.69,14.25
258,356.21,50.704,69.155,168.67,42.908
258,271.48,172.17,107.29,261.69,25.658
258,400,45.818,44.668,108.95,14.279
258,242.83,206.12,57.981,141.42,14.173
259,318.18,65.455,149.09,363.64,55.602
259,222,72,164,400,15.401
260,240,25.714,176.63,430.8,42.277
260,587.5,238,41,100,3.4935
260,214.62,292.31,63.077,153.85,2.68
261,331.54,212.31,63.077,153.85,19.608
262,349.47,273.8,69.155,168.67,27.702
262,187.27,50.909,149.09,363.64,16.045
264,238.33,46.667,136.67,333.33,85.609
264,172.73,21.818,149.09,363.64,37.843
264,152.21,262.59,57.981,141.42,11.988
264,143,36,82,200,9.9547
265,260,7.2727,149.09,363.64,73.967
265,276.15,323.08,63.077,153.85,28.277
265,254.16,313.41,57.981,141.42,16.997
266,260,21.818,149.09,363.64,49.819
266,248.5,319.06,57.981,141.42,31.73
266,276.81,324.71,57.981,141.42,28.037
267,306.92,46.154,63.077,153.85,43.705
267,171.67,46.667,136.67,333.33,35.784
267,295.58,273.8,69.155,168.67,23.306
267,127.41,64.158,48.643,118.64,14.701
267,146.55,234.35,57.981,141.42,10.091
268,201.82,7.2727,149.09,363.64,59.984
268,158.46,67.692,126.15,307.69,11.573
269,238,56,164,400,89.666
269,174,72,164,400,34.119
269,471.5,242,41,100,30.551
269,94,56,164,400,30.251
269,525.63,230.5,48.643,118.64,28.748
269,576.99,211.76,57.981,141.42,28.506
269,389.89,165.63,69.155,168.67,22.02
269,504.49,233.45,44.668,108.95,20.998
269,21.947,172.24,57.981,141.42,19.189
269,452.24,229.09,44.668,108.95,16.848
269,380.77,249.23,63.077,153.85,10.701
269,412.74,256.94,57.981,141.42,10.334
269,487.5,250,41,100,4.4794
269,459.5,286,41,100,3.5789
270,281.97,140.87,107.29,261.69,116.14
270,355.41,140.87,107.29,261.69,114.6
270,110,144.62,63.077,153.85,93.691
270,519.5,146,41,100,74.762
270,475.5,118,41,100,36.553
270,499.5,122,41,100,25.335
270,249.2,217.85,75.524,184.2,25.333
270,531.5,130,41,100,22.296
270,575.5,106,41,100,21.383
270,260.98,88.696,107.29,261.69,13.729
270,226.92,89.231,63.077,153.85,8.0145
270,491.5,142,41,100,5.1585
270,143.13,220.36,44.668,108.95,1.8631
271,238.57,120,117.14,285.71,155.12
271,342.69,158.4,98.115,239.31,134.33
271,35.862,55.385,75.524,184.2,45.627
271,510.32,74.839,52.903,129.03,35.67
271,-0.5,138,41,100,30.026
271,294.93,158.4,98.115,239.31,26.353
271,539.5,150,41,100,23.343
271,19.5,138,41,100,14.828
271,547.5,98,41,100,14.646
271,373.93,330.3,48.643,118.64,9.2786
271,515.5,150,41,100,8.6914
271,80,135.45,48.643,118.64,3.0419
271,479.23,89.231,63.077,153.85,2.5015
272,197.7,173.54,75.524,184.2,135.66
272,116.78,173.54,75.524,184.2,126.93
272,314.52,161.45,89.691,218.76,121.79
272,375.89,152.73,89.691,218.76,117.87
272,70.519,187.72,48.643,118.64,97.364
272,227.13,166.15,75.524,184.2,46.409
272,168.28,166.15,75.524,184.2,38.707
272,351,188,82,200,29.935
272,146.92,224.62,63.077,153.85,17.622
272,361.77,121.41,57.981,141.42,15.358
272,418.39,180.92,75.524,184.2,7.1233
272,336,2.3762,48.643,118.64,0.94106
273,240,140.87,107.29,261.69,108.77
274,201.82,50.909,149.09,363.64,100.39
274,19.5,234,41,100,25.826
274,69.116,146.18,44.668,108.95,24.326
274,413.06,329.45,44.668,108.95,22.546
274,371.5,354,41,100,22.055
274,579.5,198,41,100,9.7449
274,241.19,339.8,48.643,118.64,6.1524
275,208.52,182.61,107.29,261.69,85.774
275,356.11,172.24,57.981,141.42,56.527
275,288.46,83.077,63.077,153.85,37.557
275,350.44,240,57.981,141.42,28.916
275,269.63,97.426,48.643,118.64,25.476
275,339.05,211.64,44.668,108.95,20.553
275,10,188.57,117.14,285.71,19.9
275,118.23,110.12,57.981,141.42,15.508
275,311,60,82,200,9.5956
275,193.78,163.96,48.643,118.64,7.2596
275,130.41,213.82,89.691,218.76,4.2327
275,393.42,152.73,89.691,218.76,2.3883
276,380.9,139.2,98.115,239.31,98.863
276,371.34,225.6,98.115,239.31,8.466
277,240,25.714,176.63,430.8,92.107
277,197.7,77.538,75.524,184.2,22.75
278,257.3,25.714,176.63,430.8,121.33
278,375.89,74.182,89.691,218.76,10.218
278,471.5,50,41,100,7.4709
279,245.45,50.909,149.09,363.64,131.77
279,157.88,64.941,57.981,141.42,38.274
279,204.29,154.29,117.14,285.71,15.727
279,151.84,133.09,44.668,108.95,5.2387
280,216.36,50.909,149.09,363.64,89.281
280,355.5,354,41,100,30.58
280,50.968,116.13,52.903,129.03,23.378
280,322.76,210.46,75.524,184.2,21.828
280,131.49,48,75.524,184.2,4.4418
281,158,24,164,400,89.926
282,222,24,164,400,112.51
283,240,46.957,107.29,261.69,105.67
283,231.5,206.12,57.981,141.42,60.462
283,263.5,258,41,100,26.207
283,279,172,82,200,22.441
283,155.5,46,41,100,15.098
283,29.932,19.636,44.668,108.95,10.665
283,326.52,45.149,48.643,118.64,5.8652
283,282.31,280,63.077,153.85,5.7847
283,191.5,42,41,100,4.1106
284,74.4,126.06,197.95,482.8,85.765
284,192.86,108.57,117.14,285.71,5.2126
285,244.38,187.64,89.691,218.76,132.42
285,314.52,187.64,89.691,218.76,129.8
285,103.5,202,41,100,63.021
285,203.5,190,41,100,40.922
285,587.5,178,41,100,27.533
285,167.5,182,41,100,25.79
285,-0.54422,181.09,44.668,108.95,21.196
285,66.452,172.9,52.903,129.03,18.59
285,279.45,178.91,89.691,218.76,17.981
285,187.5,194,41,100,15.211
285,223.5,190,41,100,12.767
285,519.5,78,41,100,11.737
286,342.74,192.68,69.155,168.67,90.022
286,291.5,186,41,100,86.898
286,231.7,125.94,48.643,118.64,38.107
286,60.274,222.55,89.691,218.76,31.704
286,70.519,30.891,48.643,118.64,31.618
286,212.74,125.94,48.643,118.64,30.326
286,379.5,174,41,100,10.447
287,222,88,164,400,124.55
287,395.65,80.727,44.668,108.95,57.509
287,342.74,294.08,69.155,168.67,31.587
287,307.14,62.857,117.14,285.71,25.685
287,47,260,82,200,11.111
287,160.59,297.03,48.643,118.64,5.3981
288,209.32,144,89.691,218.76,133.63
288,281.97,130.43,107.29,261.69,94.065
288,63.5,90,41,100,46.623
288,223,68,82,200,23.062
288,523.5,98,41,100,22.258
288,193.78,135.45,48.643,118.64,19.486
288,8.1633,80.727,44.668,108.95,17.725
288,87.5,98,41,100,10.759
288,259.82,262.59,57.981,141.42,6.6219
288,167.5,130,41,100,5.292
